{
 "cells": [
  {
   "cell_type": "code",
   "execution_count": null,
   "id": "50450cf5",
   "metadata": {},
   "outputs": [
    {
     "data": {
      "text/plain": [
       "[[1, 2, 3, 4, 5, 6, 7, 8, 9],\n",
       " [2, 4, 6, 8, 10, 12, 14, 16, 18],\n",
       " [3, 6, 9, 12, 15, 18, 21, 24, 27],\n",
       " [4, 8, 12, 16, 20, 24, 28, 32, 36],\n",
       " [5, 10, 15, 20, 25, 30, 35, 40, 45],\n",
       " [6, 12, 18, 24, 30, 36, 42, 48, 54],\n",
       " [7, 14, 21, 28, 35, 42, 49, 56, 63],\n",
       " [8, 16, 24, 32, 40, 48, 56, 64, 72],\n",
       " [9, 18, 27, 36, 45, 54, 63, 72, 81]]"
      ]
     },
     "execution_count": 5,
     "metadata": {},
     "output_type": "execute_result"
    }
   ],
   "source": [
    "#@title 九九のリストを作成する\n",
    "\"\"\"\n",
    "for x in range(1,10):\n",
    "    print(\"x:\",x)\n",
    "    for y in range(1,10):\n",
    "        print(\"y:\",y)\n",
    "        calc = x * y\n",
    "        print(\"calc:\",calc)\n",
    "\"\"\"\n",
    "calc = [[(x * y) for y in range(1,10)] for x in range(1,10)]\n",
    "calc\n"
   ]
  },
  {
   "cell_type": "code",
   "execution_count": null,
   "id": "55ffb2dc",
   "metadata": {},
   "outputs": [
    {
     "name": "stdout",
     "output_type": "stream",
     "text": [
      "  1  2  3  4  5  6  7  8  9\n",
      "  2  4  6  8 10 12 14 16 18\n",
      "  3  6  9 12 15 18 21 24 27\n",
      "  4  8 12 16 20 24 28 32 36\n",
      "  5 10 15 20 25 30 35 40 45\n",
      "  6 12 18 24 30 36 42 48 54\n",
      "  7 14 21 28 35 42 49 56 63\n",
      "  8 16 24 32 40 48 56 64 72\n",
      "  9 18 27 36 45 54 63 72 81\n"
     ]
    }
   ],
   "source": [
    "#@title 九九の表を表示する\n",
    "for v in calc:\n",
    "    for h in v:\n",
    "        print(f\"{h:3d}\", end=\"\")\n",
    "\n",
    "    print(\"\")"
   ]
  },
  {
   "cell_type": "code",
   "execution_count": null,
   "id": "14c73a11",
   "metadata": {},
   "outputs": [],
   "source": []
  }
 ],
 "metadata": {
  "kernelspec": {
   "display_name": ".venv",
   "language": "python",
   "name": "python3"
  },
  "language_info": {
   "codemirror_mode": {
    "name": "ipython",
    "version": 3
   },
   "file_extension": ".py",
   "mimetype": "text/x-python",
   "name": "python",
   "nbconvert_exporter": "python",
   "pygments_lexer": "ipython3",
   "version": "3.12.10"
  }
 },
 "nbformat": 4,
 "nbformat_minor": 5
}
